Time (sec), Heater 1 (%), Temperature 1 (degC)
0.000000000000000000e+00,0.000000000000000000e+00,3.927000000000000313e+01
1.005249500274658203e+00,0.000000000000000000e+00,2.541000000000000014e+01
2.002263784408569336e+00,0.000000000000000000e+00,2.541000000000000014e+01
2.994391202926635742e+00,0.000000000000000000e+00,2.541000000000000014e+01
3.994677305221557617e+00,0.000000000000000000e+00,2.541000000000000014e+01
4.993329524993896484e+00,0.000000000000000000e+00,2.541000000000000014e+01
5.985540390014648438e+00,0.000000000000000000e+00,2.541000000000000014e+01
6.983278274536132812e+00,0.000000000000000000e+00,2.541000000000000014e+01
7.976539850234985352e+00,0.000000000000000000e+00,2.541000000000000014e+01
8.975249767303466797e+00,0.000000000000000000e+00,2.541000000000000014e+01
9.987568378448486328e+00,5.000000000000000000e+01,2.541000000000000014e+01
1.098325634002685547e+01,5.000000000000000000e+01,2.541000000000000014e+01
1.198024916648864746e+01,5.000000000000000000e+01,2.542999999999999972e+01
1.297453570365905762e+01,5.000000000000000000e+01,2.541000000000000014e+01
1.396917533874511719e+01,5.000000000000000000e+01,2.541000000000000014e+01
1.496457862854003906e+01,5.000000000000000000e+01,2.551000000000000156e+01
1.596431040763854980e+01,5.000000000000000000e+01,2.562000000000000099e+01
1.696760988235473633e+01,5.000000000000000000e+01,2.573000000000000043e+01
1.796122455596923828e+01,5.000000000000000000e+01,2.576000000000000156e+01
1.895692062377929688e+01,5.000000000000000000e+01,2.603999999999999915e+01
1.994785022735595703e+01,5.000000000000000000e+01,2.605000000000000071e+01
2.094107651710510254e+01,5.000000000000000000e+01,2.630000000000000071e+01
2.193673610687255859e+01,5.000000000000000000e+01,2.641000000000000014e+01
2.293028664588928223e+01,5.000000000000000000e+01,2.669999999999999929e+01
2.392710685729980469e+01,5.000000000000000000e+01,2.694000000000000128e+01
2.491914272308349609e+01,5.000000000000000000e+01,2.701999999999999957e+01
2.591232967376708984e+01,5.000000000000000000e+01,2.733999999999999986e+01
2.690674710273742676e+01,5.000000000000000000e+01,2.767000000000000171e+01
2.790036511421203613e+01,5.000000000000000000e+01,2.798999999999999844e+01
2.889554190635681152e+01,5.000000000000000000e+01,2.828999999999999915e+01
2.989252638816833496e+01,5.000000000000000000e+01,2.860000000000000142e+01
3.088455915451049805e+01,5.000000000000000000e+01,2.896000000000000085e+01
3.187916636466979980e+01,5.000000000000000000e+01,2.926000000000000156e+01
3.287454056739807129e+01,5.000000000000000000e+01,2.960000000000000142e+01
3.387031340599060059e+01,5.000000000000000000e+01,2.992000000000000171e+01
3.486556935310363770e+01,5.000000000000000000e+01,3.023999999999999844e+01
3.586017513275146484e+01,5.000000000000000000e+01,3.057999999999999829e+01
3.685556387901306152e+01,5.000000000000000000e+01,3.092000000000000171e+01
3.786121034622192383e+01,5.000000000000000000e+01,3.128000000000000114e+01
3.885664391517639160e+01,5.000000000000000000e+01,3.157999999999999829e+01
3.985128307342529297e+01,5.000000000000000000e+01,3.202000000000000313e+01
4.084753775596618652e+01,5.000000000000000000e+01,3.250000000000000000e+01
4.184553456306457520e+01,5.000000000000000000e+01,3.282000000000000028e+01
4.283921337127685547e+01,5.000000000000000000e+01,3.314000000000000057e+01
4.383728766441345215e+01,5.000000000000000000e+01,3.346999999999999886e+01
4.482917737960815430e+01,5.000000000000000000e+01,3.378999999999999915e+01
4.582539653778076172e+01,5.000000000000000000e+01,3.410999999999999943e+01
4.682226991653442383e+01,5.000000000000000000e+01,3.445000000000000284e+01
4.781811976432800293e+01,5.000000000000000000e+01,3.492999999999999972e+01
4.881248331069946289e+01,5.000000000000000000e+01,3.538000000000000256e+01
4.980325341224670410e+01,5.000000000000000000e+01,3.571999999999999886e+01
5.079768228530883789e+01,5.000000000000000000e+01,3.606000000000000227e+01
5.179258990287780762e+01,5.000000000000000000e+01,3.665999999999999659e+01
5.278618335723876953e+01,5.000000000000000000e+01,3.700999999999999801e+01
5.377738070487976074e+01,5.000000000000000000e+01,3.745000000000000284e+01
5.477116942405700684e+01,5.000000000000000000e+01,3.792999999999999972e+01
5.576658320426940918e+01,5.000000000000000000e+01,3.829999999999999716e+01
5.676021337509155273e+01,5.000000000000000000e+01,3.861999999999999744e+01
5.775458288192749023e+01,5.000000000000000000e+01,3.897999999999999687e+01
5.875128293037414551e+01,5.000000000000000000e+01,3.953999999999999915e+01
5.974554228782653809e+01,5.000000000000000000e+01,3.990999999999999659e+01
6.073916006088256836e+01,5.000000000000000000e+01,4.027000000000000313e+01
6.173647499084472656e+01,5.000000000000000000e+01,4.079999999999999716e+01
6.273065304756164551e+01,5.000000000000000000e+01,4.120000000000000284e+01
6.372860646247863770e+01,5.000000000000000000e+01,4.153999999999999915e+01
6.472225403785705566e+01,5.000000000000000000e+01,4.209000000000000341e+01
6.572018241882324219e+01,5.000000000000000000e+01,4.249000000000000199e+01
6.671813297271728516e+01,5.000000000000000000e+01,4.281000000000000227e+01
6.771814990043640137e+01,5.000000000000000000e+01,4.339000000000000057e+01
6.871214294433593750e+01,5.000000000000000000e+01,4.378000000000000114e+01
6.970917963981628418e+01,5.000000000000000000e+01,4.410000000000000142e+01
7.070459008216857910e+01,5.000000000000000000e+01,4.446999999999999886e+01
7.170198488235473633e+01,5.000000000000000000e+01,4.499000000000000199e+01
7.269919300079345703e+01,5.000000000000000000e+01,4.539000000000000057e+01
7.369424724578857422e+01,5.000000000000000000e+01,4.572999999999999687e+01
7.469859981536865234e+01,5.000000000000000000e+01,4.611999999999999744e+01
7.569550180435180664e+01,5.000000000000000000e+01,4.646999999999999886e+01
7.669128274917602539e+01,5.000000000000000000e+01,4.692000000000000171e+01
7.768663406372070312e+01,5.000000000000000000e+01,4.732000000000000028e+01
7.868019056320190430e+01,5.000000000000000000e+01,4.764999999999999858e+01
7.967318940162658691e+01,5.000000000000000000e+01,4.796999999999999886e+01
8.066929173469543457e+01,5.000000000000000000e+01,4.842000000000000171e+01
8.166670608520507812e+01,5.000000000000000000e+01,4.874000000000000199e+01
8.266083335876464844e+01,5.000000000000000000e+01,4.925999999999999801e+01
8.365411186218261719e+01,5.000000000000000000e+01,4.985000000000000142e+01
8.465454411506652832e+01,5.000000000000000000e+01,5.021999999999999886e+01
8.564923453330993652e+01,5.000000000000000000e+01,5.071000000000000085e+01
8.664346766471862793e+01,5.000000000000000000e+01,5.109000000000000341e+01
8.763563108444213867e+01,5.000000000000000000e+01,5.150999999999999801e+01
8.863257765769958496e+01,5.000000000000000000e+01,5.184000000000000341e+01
8.962641716003417969e+01,5.000000000000000000e+01,5.215999999999999659e+01
9.062636327743530273e+01,5.000000000000000000e+01,5.250999999999999801e+01
9.162278938293457031e+01,5.000000000000000000e+01,5.279999999999999716e+01
9.262412071228027344e+01,5.000000000000000000e+01,5.314000000000000057e+01
9.361916923522949219e+01,5.000000000000000000e+01,5.346000000000000085e+01
9.461543393135070801e+01,5.000000000000000000e+01,5.379999999999999716e+01
9.561013603210449219e+01,5.000000000000000000e+01,5.424000000000000199e+01
9.660677289962768555e+01,5.000000000000000000e+01,5.457999999999999829e+01
9.760021615028381348e+01,5.000000000000000000e+01,5.506000000000000227e+01
9.859258174896240234e+01,5.000000000000000000e+01,5.538000000000000256e+01
9.958323693275451660e+01,5.000000000000000000e+01,5.570000000000000284e+01
1.005741646289825439e+02,5.000000000000000000e+01,5.603000000000000114e+01
1.015676491260528564e+02,5.000000000000000000e+01,5.635999999999999943e+01
1.025612227916717529e+02,5.000000000000000000e+01,5.668999999999999773e+01
1.035531835556030273e+02,5.000000000000000000e+01,5.703999999999999915e+01
1.045492353439331055e+02,5.000000000000000000e+01,5.746000000000000085e+01
1.055445122718811035e+02,5.000000000000000000e+01,5.779999999999999716e+01
1.065391783714294434e+02,5.000000000000000000e+01,5.810000000000000142e+01
1.075376298427581787e+02,5.000000000000000000e+01,5.835999999999999943e+01
1.085319597721099854e+02,5.000000000000000000e+01,5.864000000000000057e+01
1.095292625427246094e+02,5.000000000000000000e+01,5.896999999999999886e+01
1.105229563713073730e+02,5.000000000000000000e+01,5.934000000000000341e+01
1.115165181159973145e+02,5.000000000000000000e+01,5.960000000000000142e+01
1.125110633373260498e+02,5.000000000000000000e+01,5.996999999999999886e+01
1.135079038143157959e+02,5.000000000000000000e+01,6.021000000000000085e+01
1.145044829845428467e+02,5.000000000000000000e+01,6.053999999999999915e+01
1.155023262500762939e+02,5.000000000000000000e+01,6.085999999999999943e+01
1.164972982406616211e+02,5.000000000000000000e+01,6.102000000000000313e+01
1.174926464557647705e+02,5.000000000000000000e+01,6.121000000000000085e+01
1.184855468273162842e+02,5.000000000000000000e+01,6.150000000000000000e+01
1.194801862239837646e+02,5.000000000000000000e+01,6.193999999999999773e+01
1.204755587577819824e+02,5.000000000000000000e+01,6.239000000000000057e+01
1.214703161716461182e+02,5.000000000000000000e+01,6.270000000000000284e+01
1.224681508541107178e+02,5.000000000000000000e+01,6.292000000000000171e+01
1.234645857810974121e+02,5.000000000000000000e+01,6.328999999999999915e+01
1.244591710567474365e+02,5.000000000000000000e+01,6.343999999999999773e+01
1.254554924964904785e+02,5.000000000000000000e+01,6.375999999999999801e+01
1.264498336315155029e+02,5.000000000000000000e+01,6.407999999999999829e+01
1.274488759040832520e+02,5.000000000000000000e+01,6.440000000000000568e+01
1.284468450546264648e+02,5.000000000000000000e+01,6.473000000000000398e+01
1.294402558803558350e+02,5.000000000000000000e+01,6.500000000000000000e+01
1.304356281757354736e+02,5.000000000000000000e+01,6.518000000000000682e+01
1.314313123226165771e+02,5.000000000000000000e+01,6.550000000000000000e+01
1.324255445003509521e+02,5.000000000000000000e+01,6.573000000000000398e+01
1.334203021526336670e+02,5.000000000000000000e+01,6.601999999999999602e+01
1.344144177436828613e+02,5.000000000000000000e+01,6.610999999999999943e+01
1.354078261852264404e+02,5.000000000000000000e+01,6.631000000000000227e+01
1.364081366062164307e+02,5.000000000000000000e+01,6.651999999999999602e+01
1.374028761386871338e+02,5.000000000000000000e+01,6.695000000000000284e+01
1.383953642845153809e+02,5.000000000000000000e+01,6.729999999999999716e+01
1.393902866840362549e+02,5.000000000000000000e+01,6.762999999999999545e+01
1.403835160732269287e+02,5.000000000000000000e+01,6.793000000000000682e+01
1.413791468143463135e+02,5.000000000000000000e+01,6.826999999999999602e+01
1.423745458126068115e+02,5.000000000000000000e+01,6.859000000000000341e+01
1.433703093528747559e+02,5.000000000000000000e+01,6.881999999999999318e+01
1.443643348217010498e+02,5.000000000000000000e+01,6.895000000000000284e+01
1.453601460456848145e+02,5.000000000000000000e+01,6.923999999999999488e+01
1.463555305004119873e+02,5.000000000000000000e+01,6.956000000000000227e+01
1.473517491817474365e+02,5.000000000000000000e+01,6.959000000000000341e+01
1.483466427326202393e+02,5.000000000000000000e+01,6.995999999999999375e+01
1.493424046039581299e+02,5.000000000000000000e+01,7.021999999999999886e+01
1.503366587162017822e+02,5.000000000000000000e+01,7.053000000000000114e+01
1.513366835117340088e+02,5.000000000000000000e+01,7.062000000000000455e+01
1.523323223590850830e+02,5.000000000000000000e+01,7.084999999999999432e+01
1.533281381130218506e+02,5.000000000000000000e+01,7.084999999999999432e+01
1.543231880664825439e+02,5.000000000000000000e+01,7.107999999999999829e+01
1.553175826072692871e+02,5.000000000000000000e+01,7.120000000000000284e+01
1.563101727962493896e+02,5.000000000000000000e+01,7.148999999999999488e+01
1.573052272796630859e+02,5.000000000000000000e+01,7.181999999999999318e+01
1.583028414249420166e+02,5.000000000000000000e+01,7.214000000000000057e+01
1.592991764545440674e+02,5.000000000000000000e+01,7.245999999999999375e+01
1.602935130596160889e+02,5.000000000000000000e+01,7.248000000000000398e+01
1.612865958213806152e+02,5.000000000000000000e+01,7.278000000000000114e+01
1.622822914123535156e+02,5.000000000000000000e+01,7.310999999999999943e+01
1.632755358219146729e+02,5.000000000000000000e+01,7.329999999999999716e+01
1.642718362808227539e+02,5.000000000000000000e+01,7.343000000000000682e+01
1.652691774368286133e+02,5.000000000000000000e+01,7.375000000000000000e+01
1.662666833400726318e+02,5.000000000000000000e+01,7.406999999999999318e+01
1.672602379322052002e+02,5.000000000000000000e+01,7.440999999999999659e+01
1.682555875778198242e+02,5.000000000000000000e+01,7.471999999999999886e+01
1.692503116130828857e+02,5.000000000000000000e+01,7.496999999999999886e+01
1.702468307018280029e+02,5.000000000000000000e+01,7.509000000000000341e+01
1.712412958145141602e+02,5.000000000000000000e+01,7.526000000000000512e+01
1.722373762130737305e+02,5.000000000000000000e+01,7.535999999999999943e+01
1.732323541641235352e+02,5.000000000000000000e+01,7.535999999999999943e+01
1.742265601158142090e+02,5.000000000000000000e+01,7.551000000000000512e+01
1.752207303047180176e+02,5.000000000000000000e+01,7.568000000000000682e+01
1.762146034240722656e+02,5.000000000000000000e+01,7.593999999999999773e+01
1.772203421592712402e+02,5.000000000000000000e+01,7.604000000000000625e+01
1.782131900787353516e+02,5.000000000000000000e+01,7.632999999999999829e+01
1.792055346965789795e+02,5.000000000000000000e+01,7.634000000000000341e+01
1.802035505771636963e+02,5.000000000000000000e+01,7.659000000000000341e+01
1.811974780559539795e+02,5.000000000000000000e+01,7.665000000000000568e+01
1.821967287063598633e+02,5.000000000000000000e+01,7.692000000000000171e+01
1.831903071403503418e+02,5.000000000000000000e+01,7.696999999999999886e+01
1.841845431327819824e+02,5.000000000000000000e+01,7.698999999999999488e+01
1.851816420555114746e+02,5.000000000000000000e+01,7.704999999999999716e+01
1.861765828132629395e+02,5.000000000000000000e+01,7.728000000000000114e+01
1.871713049411773682e+02,5.000000000000000000e+01,7.729000000000000625e+01
1.881622185707092285e+02,5.000000000000000000e+01,7.762000000000000455e+01
1.891578900814056396e+02,5.000000000000000000e+01,7.762000000000000455e+01
1.901512808799743652e+02,5.000000000000000000e+01,7.793999999999999773e+01
1.911444520950317383e+02,5.000000000000000000e+01,7.815000000000000568e+01
1.921375813484191895e+02,5.000000000000000000e+01,7.837000000000000455e+01
1.931321864128112793e+02,5.000000000000000000e+01,7.857999999999999829e+01
1.941265907287597656e+02,5.000000000000000000e+01,7.890999999999999659e+01
1.951235170364379883e+02,5.000000000000000000e+01,7.900000000000000000e+01
1.961175768375396729e+02,5.000000000000000000e+01,7.923000000000000398e+01
1.971102099418640137e+02,5.000000000000000000e+01,7.954999999999999716e+01
1.981046240329742432e+02,5.000000000000000000e+01,7.954999999999999716e+01
1.990972096920013428e+02,5.000000000000000000e+01,7.973000000000000398e+01
2.000934023857116699e+02,5.000000000000000000e+01,7.987000000000000455e+01
2.010902240276336670e+02,5.000000000000000000e+01,7.990999999999999659e+01
2.020845558643341064e+02,5.000000000000000000e+01,8.015000000000000568e+01
2.030902304649353027e+02,5.000000000000000000e+01,8.020000000000000284e+01
2.040855429172515869e+02,5.000000000000000000e+01,8.020000000000000284e+01
2.050792126655578613e+02,5.000000000000000000e+01,8.048999999999999488e+01
2.060703053474426270e+02,5.000000000000000000e+01,8.056999999999999318e+01
2.070645232200622559e+02,5.000000000000000000e+01,8.084000000000000341e+01
2.080591733455657959e+02,5.000000000000000000e+01,8.110999999999999943e+01
2.090543463230133057e+02,5.000000000000000000e+01,8.118000000000000682e+01
2.100491819381713867e+02,5.000000000000000000e+01,8.148000000000000398e+01
2.110412280559539795e+02,5.000000000000000000e+01,8.148000000000000398e+01
2.120353274345397949e+02,5.000000000000000000e+01,8.176000000000000512e+01
2.130302979946136475e+02,5.000000000000000000e+01,8.181000000000000227e+01
2.140291779041290283e+02,5.000000000000000000e+01,8.207999999999999829e+01
2.150275921821594238e+02,5.000000000000000000e+01,8.212999999999999545e+01
2.160222275257110596e+02,5.000000000000000000e+01,8.245000000000000284e+01
2.170154840946197510e+02,5.000000000000000000e+01,8.273999999999999488e+01
2.180111901760101318e+02,5.000000000000000000e+01,8.296999999999999886e+01
2.190055878162384033e+02,5.000000000000000000e+01,8.309999999999999432e+01
2.199991798400878906e+02,5.000000000000000000e+01,8.334999999999999432e+01
2.209966287612915039e+02,5.000000000000000000e+01,8.342000000000000171e+01
2.219924488067626953e+02,5.000000000000000000e+01,8.351000000000000512e+01
2.229855406284332275e+02,5.000000000000000000e+01,8.373999999999999488e+01
2.239791851043701172e+02,5.000000000000000000e+01,8.403000000000000114e+01
2.249734635353088379e+02,5.000000000000000000e+01,8.409000000000000341e+01
2.259712748527526855e+02,5.000000000000000000e+01,8.437999999999999545e+01
2.269654619693756104e+02,5.000000000000000000e+01,8.437999999999999545e+01
2.279622745513916016e+02,5.000000000000000000e+01,8.437999999999999545e+01
2.289577980041503906e+02,5.000000000000000000e+01,8.437999999999999545e+01
2.299534878730773926e+02,5.000000000000000000e+01,8.426000000000000512e+01
2.309492003917694092e+02,5.000000000000000000e+01,8.415999999999999659e+01
2.319455177783966064e+02,5.000000000000000000e+01,8.420999999999999375e+01
2.329401905536651611e+02,5.000000000000000000e+01,8.437999999999999545e+01
2.339323270320892334e+02,5.000000000000000000e+01,8.437999999999999545e+01
2.349292392730712891e+02,5.000000000000000000e+01,8.448000000000000398e+01
2.359232680797576904e+02,5.000000000000000000e+01,8.470999999999999375e+01
2.369191780090332031e+02,5.000000000000000000e+01,8.484000000000000341e+01
2.379140872955322266e+02,5.000000000000000000e+01,8.501000000000000512e+01
2.389112055301666260e+02,5.000000000000000000e+01,8.503000000000000114e+01
2.399055600166320801e+02,5.000000000000000000e+01,8.520999999999999375e+01
2.409002890586853027e+02,5.000000000000000000e+01,8.529000000000000625e+01
2.418973860740661621e+02,5.000000000000000000e+01,8.534999999999999432e+01
2.428891978263854980e+02,5.000000000000000000e+01,8.534999999999999432e+01
2.438823373317718506e+02,5.000000000000000000e+01,8.556000000000000227e+01
2.448791821002960205e+02,5.000000000000000000e+01,8.567000000000000171e+01
2.458732006549835205e+02,5.000000000000000000e+01,8.567000000000000171e+01
2.468732900619506836e+02,5.000000000000000000e+01,8.584999999999999432e+01
2.478655614852905273e+02,5.000000000000000000e+01,8.600000000000000000e+01
2.488597569465637207e+02,5.000000000000000000e+01,8.603000000000000114e+01
2.498550257682800293e+02,5.000000000000000000e+01,8.600000000000000000e+01
2.508511002063751221e+02,5.000000000000000000e+01,8.593000000000000682e+01
2.518492252826690674e+02,5.000000000000000000e+01,8.600000000000000000e+01
2.528443946838378906e+02,5.000000000000000000e+01,8.604000000000000625e+01
2.538412852287292480e+02,5.000000000000000000e+01,8.629999999999999716e+01
2.548345639705657959e+02,5.000000000000000000e+01,8.631999999999999318e+01
2.558310790061950684e+02,5.000000000000000000e+01,8.659000000000000341e+01
2.568255751132965088e+02,5.000000000000000000e+01,8.667000000000000171e+01
2.578202981948852539e+02,5.000000000000000000e+01,8.695999999999999375e+01
2.588111562728881836e+02,5.000000000000000000e+01,8.706000000000000227e+01
2.598074662685394287e+02,5.000000000000000000e+01,8.726999999999999602e+01
2.608013706207275391e+02,5.000000000000000000e+01,8.729000000000000625e+01
2.617975776195526123e+02,5.000000000000000000e+01,8.729000000000000625e+01
2.627944946289062500e+02,5.000000000000000000e+01,8.740999999999999659e+01
2.637874908447265625e+02,5.000000000000000000e+01,8.759000000000000341e+01
2.647833893299102783e+02,5.000000000000000000e+01,8.751000000000000512e+01
2.657791724205017090e+02,5.000000000000000000e+01,8.757999999999999829e+01
2.667765488624572754e+02,5.000000000000000000e+01,8.760999999999999943e+01
2.677733886241912842e+02,5.000000000000000000e+01,8.793000000000000682e+01
2.687664954662322998e+02,5.000000000000000000e+01,8.825000000000000000e+01
2.697612526416778564e+02,5.000000000000000000e+01,8.848999999999999488e+01
2.707567601203918457e+02,5.000000000000000000e+01,8.854000000000000625e+01
2.717527587413787842e+02,5.000000000000000000e+01,8.856999999999999318e+01
2.727451367378234863e+02,5.000000000000000000e+01,8.860999999999999943e+01
2.737416193485260010e+02,5.000000000000000000e+01,8.893999999999999773e+01
2.747355453968048096e+02,5.000000000000000000e+01,8.921999999999999886e+01
2.757312891483306885e+02,5.000000000000000000e+01,8.954000000000000625e+01
2.767275662422180176e+02,5.000000000000000000e+01,8.967000000000000171e+01
2.777229535579681396e+02,5.000000000000000000e+01,8.985999999999999943e+01
2.787192294597625732e+02,5.000000000000000000e+01,9.006000000000000227e+01
2.797145264148712158e+02,5.000000000000000000e+01,8.990999999999999659e+01
2.807109611034393311e+02,5.000000000000000000e+01,9.004000000000000625e+01
2.817055583000183105e+02,5.000000000000000000e+01,9.018999999999999773e+01
2.827022736072540283e+02,5.000000000000000000e+01,9.043999999999999773e+01
2.836993522644042969e+02,5.000000000000000000e+01,9.073000000000000398e+01
2.846945610046386719e+02,5.000000000000000000e+01,9.076999999999999602e+01
2.856891834735870361e+02,5.000000000000000000e+01,9.067000000000000171e+01
2.866842823028564453e+02,5.000000000000000000e+01,9.059999999999999432e+01
2.876813077926635742e+02,5.000000000000000000e+01,9.051000000000000512e+01
2.886765811443328857e+02,5.000000000000000000e+01,9.048000000000000398e+01
2.896731388568878174e+02,5.000000000000000000e+01,9.018999999999999773e+01
2.906703863143920898e+02,5.000000000000000000e+01,8.998000000000000398e+01
2.916691646575927734e+02,5.000000000000000000e+01,8.998000000000000398e+01
2.926633849143981934e+02,5.000000000000000000e+01,8.985999999999999943e+01
2.936621506214141846e+02,5.000000000000000000e+01,8.985999999999999943e+01
2.946554911136627197e+02,5.000000000000000000e+01,8.985999999999999943e+01
2.956521673202514648e+02,5.000000000000000000e+01,8.987999999999999545e+01
2.966466710567474365e+02,5.000000000000000000e+01,9.009999999999999432e+01
2.976412401199340820e+02,5.000000000000000000e+01,9.018999999999999773e+01
2.986378247737884521e+02,5.000000000000000000e+01,9.018999999999999773e+01
2.996302595138549805e+02,5.000000000000000000e+01,9.043999999999999773e+01
3.006232192516326904e+02,5.000000000000000000e+01,9.051000000000000512e+01
3.016221008300781250e+02,5.000000000000000000e+01,9.054000000000000625e+01
3.026191840171813965e+02,5.000000000000000000e+01,9.075000000000000000e+01
3.036101551055908203e+02,5.000000000000000000e+01,9.082999999999999829e+01
3.046053924560546875e+02,5.000000000000000000e+01,9.082999999999999829e+01
3.055980665683746338e+02,5.000000000000000000e+01,9.090999999999999659e+01
3.065935034751892090e+02,5.000000000000000000e+01,9.112000000000000455e+01
3.075903463363647461e+02,5.000000000000000000e+01,9.115000000000000568e+01
3.085832812786102295e+02,5.000000000000000000e+01,9.118000000000000682e+01
3.095791811943054199e+02,5.000000000000000000e+01,9.115000000000000568e+01
3.105745046138763428e+02,5.000000000000000000e+01,9.115000000000000568e+01
3.115712282657623291e+02,5.000000000000000000e+01,9.114000000000000057e+01
3.125703001022338867e+02,5.000000000000000000e+01,9.109999999999999432e+01
3.135655355453491211e+02,5.000000000000000000e+01,9.106999999999999318e+01
3.145619847774505615e+02,5.000000000000000000e+01,9.115000000000000568e+01
3.155591435432434082e+02,5.000000000000000000e+01,9.114000000000000057e+01
3.165542588233947754e+02,5.000000000000000000e+01,9.114000000000000057e+01
3.175502393245697021e+02,5.000000000000000000e+01,9.112000000000000455e+01
3.185475218296051025e+02,5.000000000000000000e+01,9.115000000000000568e+01
3.195421714782714844e+02,5.000000000000000000e+01,9.115000000000000568e+01
3.205395066738128662e+02,5.000000000000000000e+01,9.115000000000000568e+01
3.215320913791656494e+02,5.000000000000000000e+01,9.115000000000000568e+01
3.225261509418487549e+02,5.000000000000000000e+01,9.132999999999999829e+01
3.235181477069854736e+02,5.000000000000000000e+01,9.146999999999999886e+01
3.245111429691314697e+02,5.000000000000000000e+01,9.178000000000000114e+01
3.255027420520782471e+02,5.000000000000000000e+01,9.179999999999999716e+01
3.264982433319091797e+02,5.000000000000000000e+01,9.212000000000000455e+01
3.274946186542510986e+02,5.000000000000000000e+01,9.215000000000000568e+01
3.284909808635711670e+02,5.000000000000000000e+01,9.239000000000000057e+01
3.294868688583374023e+02,5.000000000000000000e+01,9.243999999999999773e+01
3.304802312850952148e+02,5.000000000000000000e+01,9.243999999999999773e+01
3.314780752658843994e+02,5.000000000000000000e+01,9.262999999999999545e+01
3.324712996482849121e+02,5.000000000000000000e+01,9.262999999999999545e+01
3.334626762866973877e+02,5.000000000000000000e+01,9.276000000000000512e+01
3.344587528705596924e+02,5.000000000000000000e+01,9.276000000000000512e+01
3.354492344856262207e+02,5.000000000000000000e+01,9.282999999999999829e+01
3.364443807601928711e+02,5.000000000000000000e+01,9.309000000000000341e+01
3.374402916431427002e+02,5.000000000000000000e+01,9.309000000000000341e+01
3.384334132671356201e+02,5.000000000000000000e+01,9.325000000000000000e+01
3.394291834831237793e+02,5.000000000000000000e+01,9.339000000000000057e+01
3.404273042678833008e+02,5.000000000000000000e+01,9.340999999999999659e+01
3.414231958389282227e+02,5.000000000000000000e+01,9.339000000000000057e+01
3.424192142486572266e+02,5.000000000000000000e+01,9.340999999999999659e+01
3.434173223972320557e+02,5.000000000000000000e+01,9.340999999999999659e+01
3.444128763675689697e+02,5.000000000000000000e+01,9.345999999999999375e+01
3.454065458774566650e+02,5.000000000000000000e+01,9.359000000000000341e+01
3.464021847248077393e+02,5.000000000000000000e+01,9.370999999999999375e+01
3.473973996639251709e+02,5.000000000000000000e+01,9.370999999999999375e+01
3.483968973159790039e+02,5.000000000000000000e+01,9.373000000000000398e+01
3.493911821842193604e+02,5.000000000000000000e+01,9.373000000000000398e+01
3.503844804763793945e+02,5.000000000000000000e+01,9.381000000000000227e+01
3.513817641735076904e+02,5.000000000000000000e+01,9.404000000000000625e+01
3.523812100887298584e+02,5.000000000000000000e+01,9.404999999999999716e+01
3.533755049705505371e+02,5.000000000000000000e+01,9.406999999999999318e+01
3.543694126605987549e+02,5.000000000000000000e+01,9.432999999999999829e+01
3.553646175861358643e+02,5.000000000000000000e+01,9.431000000000000227e+01
3.563571300506591797e+02,5.000000000000000000e+01,9.426000000000000512e+01
3.573565447330474854e+02,5.000000000000000000e+01,9.418000000000000682e+01
3.583545472621917725e+02,5.000000000000000000e+01,9.432999999999999829e+01
3.593503479957580566e+02,5.000000000000000000e+01,9.437999999999999545e+01
3.603530271053314209e+02,5.000000000000000000e+01,9.437999999999999545e+01
3.613539702892303467e+02,5.000000000000000000e+01,9.439000000000000057e+01
3.623481431007385254e+02,5.000000000000000000e+01,9.462000000000000455e+01
3.633463516235351562e+02,5.000000000000000000e+01,9.470000000000000284e+01
3.643440325260162354e+02,5.000000000000000000e+01,9.454000000000000625e+01
3.653403410911560059e+02,5.000000000000000000e+01,9.437999999999999545e+01
3.663355424404144287e+02,5.000000000000000000e+01,9.437999999999999545e+01
3.673320410251617432e+02,5.000000000000000000e+01,9.439000000000000057e+01
3.683264002799987793e+02,5.000000000000000000e+01,9.446999999999999886e+01
3.693212976455688477e+02,5.000000000000000000e+01,9.445999999999999375e+01
3.703163983821868896e+02,5.000000000000000000e+01,9.439000000000000057e+01
3.713115670680999756e+02,5.000000000000000000e+01,9.437999999999999545e+01
3.723045256137847900e+02,5.000000000000000000e+01,9.437999999999999545e+01
3.733022096157073975e+02,5.000000000000000000e+01,9.451999999999999602e+01
3.742992768287658691e+02,5.000000000000000000e+01,9.470000000000000284e+01
3.752981727123260498e+02,5.000000000000000000e+01,9.478000000000000114e+01
3.762966673374176025e+02,5.000000000000000000e+01,9.500000000000000000e+01
3.772935090065002441e+02,5.000000000000000000e+01,9.501999999999999602e+01
3.782920346260070801e+02,5.000000000000000000e+01,9.504000000000000625e+01
3.792883987426757812e+02,5.000000000000000000e+01,9.506999999999999318e+01
3.802834107875823975e+02,5.000000000000000000e+01,9.501999999999999602e+01
3.812763445377349854e+02,5.000000000000000000e+01,9.506999999999999318e+01
3.822821853160858154e+02,5.000000000000000000e+01,9.529000000000000625e+01
3.832780294418334961e+02,5.000000000000000000e+01,9.534000000000000341e+01
3.842738101482391357e+02,5.000000000000000000e+01,9.534000000000000341e+01
3.852673981189727783e+02,5.000000000000000000e+01,9.534000000000000341e+01
3.862641644477844238e+02,5.000000000000000000e+01,9.554000000000000625e+01
3.872619633674621582e+02,5.000000000000000000e+01,9.565000000000000568e+01
3.882581295967102051e+02,5.000000000000000000e+01,9.565999999999999659e+01
3.892545828819274902e+02,5.000000000000000000e+01,9.576000000000000512e+01
3.902492153644561768e+02,5.000000000000000000e+01,9.598999999999999488e+01
3.912441120147705078e+02,5.000000000000000000e+01,9.598999999999999488e+01
3.922401864528656006e+02,5.000000000000000000e+01,9.615999999999999659e+01
3.932378606796264648e+02,5.000000000000000000e+01,9.631000000000000227e+01
3.942362341880798340e+02,5.000000000000000000e+01,9.631000000000000227e+01
3.952332379817962646e+02,5.000000000000000000e+01,9.631000000000000227e+01
3.962303526401519775e+02,5.000000000000000000e+01,9.609999999999999432e+01
3.972213335037231445e+02,5.000000000000000000e+01,9.598999999999999488e+01
3.982175834178924561e+02,5.000000000000000000e+01,9.598999999999999488e+01
3.992145473957061768e+02,5.000000000000000000e+01,9.604999999999999716e+01
4.002119572162628174e+02,5.000000000000000000e+01,9.629000000000000625e+01
4.012110602855682373e+02,5.000000000000000000e+01,9.631000000000000227e+01
4.022090280055999756e+02,5.000000000000000000e+01,9.631000000000000227e+01
4.032005696296691895e+02,5.000000000000000000e+01,9.631000000000000227e+01
4.041992387771606445e+02,5.000000000000000000e+01,9.635999999999999943e+01
4.051954994201660156e+02,5.000000000000000000e+01,9.635999999999999943e+01
4.061921637058258057e+02,5.000000000000000000e+01,9.650000000000000000e+01
4.071896121501922607e+02,5.000000000000000000e+01,9.662999999999999545e+01
4.081883292198181152e+02,5.000000000000000000e+01,9.662999999999999545e+01
4.091814599037170410e+02,5.000000000000000000e+01,9.662999999999999545e+01
4.101775627136230469e+02,5.000000000000000000e+01,9.673000000000000398e+01
4.111713705062866211e+02,5.000000000000000000e+01,9.692000000000000171e+01
4.121714766025543213e+02,5.000000000000000000e+01,9.695000000000000284e+01
4.131666684150695801e+02,5.000000000000000000e+01,9.698999999999999488e+01
4.141613960266113281e+02,5.000000000000000000e+01,9.728000000000000114e+01
4.151565885543823242e+02,5.000000000000000000e+01,9.734000000000000341e+01
4.161502604484558105e+02,5.000000000000000000e+01,9.735999999999999943e+01
4.171453366279602051e+02,5.000000000000000000e+01,9.729000000000000625e+01
4.181418027877807617e+02,5.000000000000000000e+01,9.728000000000000114e+01
4.191355366706848145e+02,5.000000000000000000e+01,9.728000000000000114e+01
4.201351754665374756e+02,5.000000000000000000e+01,9.726000000000000512e+01
4.211350679397583008e+02,5.000000000000000000e+01,9.720999999999999375e+01
4.221306862831115723e+02,5.000000000000000000e+01,9.720999999999999375e+01
4.231281485557556152e+02,5.000000000000000000e+01,9.728000000000000114e+01
4.241245057582855225e+02,5.000000000000000000e+01,9.728000000000000114e+01
4.251222140789031982e+02,5.000000000000000000e+01,9.728000000000000114e+01
4.261192550659179688e+02,5.000000000000000000e+01,9.723000000000000398e+01
4.271138617992401123e+02,5.000000000000000000e+01,9.695000000000000284e+01
4.281163313388824463e+02,5.000000000000000000e+01,9.665000000000000568e+01
4.291104245185852051e+02,5.000000000000000000e+01,9.662999999999999545e+01
4.301066443920135498e+02,5.000000000000000000e+01,9.653000000000000114e+01
4.311027662754058838e+02,5.000000000000000000e+01,9.648999999999999488e+01
4.321003046035766602e+02,5.000000000000000000e+01,9.659999999999999432e+01
4.330966444015502930e+02,5.000000000000000000e+01,9.642000000000000171e+01
4.340925281047821045e+02,5.000000000000000000e+01,9.631000000000000227e+01
4.350871524810791016e+02,5.000000000000000000e+01,9.623000000000000398e+01
4.360856201648712158e+02,5.000000000000000000e+01,9.631000000000000227e+01
4.370792126655578613e+02,5.000000000000000000e+01,9.631000000000000227e+01
4.380713882446289062e+02,5.000000000000000000e+01,9.642000000000000171e+01
4.390673758983612061e+02,5.000000000000000000e+01,9.639000000000000057e+01
4.400628228187561035e+02,5.000000000000000000e+01,9.656999999999999318e+01
4.410617749691009521e+02,5.000000000000000000e+01,9.654999999999999716e+01
4.420568609237670898e+02,5.000000000000000000e+01,9.634000000000000341e+01
4.430510110855102539e+02,5.000000000000000000e+01,9.640999999999999659e+01
4.440441474914550781e+02,5.000000000000000000e+01,9.631999999999999318e+01
4.450401747226715088e+02,5.000000000000000000e+01,9.642000000000000171e+01
4.460343534946441650e+02,5.000000000000000000e+01,9.662999999999999545e+01
4.470275909900665283e+02,5.000000000000000000e+01,9.662999999999999545e+01
4.480270421504974365e+02,5.000000000000000000e+01,9.692000000000000171e+01
4.490171022415161133e+02,5.000000000000000000e+01,9.695000000000000284e+01
4.500100436210632324e+02,5.000000000000000000e+01,9.695000000000000284e+01
4.510030813217163086e+02,5.000000000000000000e+01,9.707999999999999829e+01
4.520025360584259033e+02,5.000000000000000000e+01,9.718000000000000682e+01
4.529974534511566162e+02,5.000000000000000000e+01,9.718999999999999773e+01
4.539931523799896240e+02,5.000000000000000000e+01,9.718999999999999773e+01
4.549900014400482178e+02,5.000000000000000000e+01,9.698999999999999488e+01
4.559826650619506836e+02,5.000000000000000000e+01,9.700000000000000000e+01
4.569793365001678467e+02,5.000000000000000000e+01,9.695000000000000284e+01
4.579735116958618164e+02,5.000000000000000000e+01,9.695000000000000284e+01
4.589663259983062744e+02,5.000000000000000000e+01,9.662999999999999545e+01
4.599616155624389648e+02,5.000000000000000000e+01,9.650000000000000000e+01
4.609597496986389160e+02,5.000000000000000000e+01,9.631000000000000227e+01
4.619555382728576660e+02,5.000000000000000000e+01,9.623000000000000398e+01
4.629529995918273926e+02,5.000000000000000000e+01,9.598999999999999488e+01
4.639490993022918701e+02,5.000000000000000000e+01,9.598999999999999488e+01
4.649484388828277588e+02,5.000000000000000000e+01,9.573999999999999488e+01
4.659416267871856689e+02,5.000000000000000000e+01,9.573000000000000398e+01
4.669354376792907715e+02,5.000000000000000000e+01,9.576000000000000512e+01
4.679279391765594482e+02,5.000000000000000000e+01,9.573999999999999488e+01
4.689242742061614990e+02,5.000000000000000000e+01,9.565999999999999659e+01
4.699213395118713379e+02,5.000000000000000000e+01,9.565999999999999659e+01
4.709164974689483643e+02,5.000000000000000000e+01,9.551999999999999602e+01
4.719109232425689697e+02,5.000000000000000000e+01,9.534000000000000341e+01
4.729055588245391846e+02,5.000000000000000000e+01,9.534000000000000341e+01
4.738994660377502441e+02,5.000000000000000000e+01,9.535999999999999943e+01
4.748964390754699707e+02,5.000000000000000000e+01,9.535999999999999943e+01
4.758916385173797607e+02,5.000000000000000000e+01,9.565000000000000568e+01
4.768851494789123535e+02,5.000000000000000000e+01,9.542000000000000171e+01
4.778851933479309082e+02,5.000000000000000000e+01,9.542000000000000171e+01
4.788812656402587891e+02,5.000000000000000000e+01,9.534000000000000341e+01
4.798783187866210938e+02,5.000000000000000000e+01,9.534000000000000341e+01
4.808744671344757080e+02,5.000000000000000000e+01,9.534000000000000341e+01
4.818728082180023193e+02,5.000000000000000000e+01,9.534000000000000341e+01
4.828702819347381592e+02,5.000000000000000000e+01,9.534000000000000341e+01
4.838641240596771240e+02,5.000000000000000000e+01,9.534000000000000341e+01
4.848576903343200684e+02,5.000000000000000000e+01,9.528000000000000114e+01
4.858566675186157227e+02,5.000000000000000000e+01,9.515000000000000568e+01
4.868523073196411133e+02,5.000000000000000000e+01,9.531000000000000227e+01
4.878502199649810791e+02,5.000000000000000000e+01,9.531000000000000227e+01
4.888475832939147949e+02,5.000000000000000000e+01,9.534000000000000341e+01
4.898433620929718018e+02,5.000000000000000000e+01,9.554000000000000625e+01
4.908355286121368408e+02,5.000000000000000000e+01,9.540999999999999659e+01
4.918322882652282715e+02,5.000000000000000000e+01,9.534000000000000341e+01
4.928303768634796143e+02,5.000000000000000000e+01,9.520999999999999375e+01
4.938263378143310547e+02,5.000000000000000000e+01,9.501999999999999602e+01
4.948264555931091309e+02,5.000000000000000000e+01,9.492000000000000171e+01
4.958222696781158447e+02,5.000000000000000000e+01,9.496999999999999886e+01
4.968265395164489746e+02,5.000000000000000000e+01,9.501999999999999602e+01
4.978203399181365967e+02,5.000000000000000000e+01,9.501999999999999602e+01
4.988174078464508057e+02,5.000000000000000000e+01,9.501999999999999602e+01
4.998139550685882568e+02,5.000000000000000000e+01,9.506999999999999318e+01
5.008082084655761719e+02,5.000000000000000000e+01,9.532999999999999829e+01
5.018088388442993164e+02,5.000000000000000000e+01,9.548999999999999488e+01
5.028024506568908691e+02,5.000000000000000000e+01,9.565999999999999659e+01
5.037991681098937988e+02,5.000000000000000000e+01,9.589000000000000057e+01
5.047924969196319580e+02,5.000000000000000000e+01,9.598999999999999488e+01
5.057888550758361816e+02,5.000000000000000000e+01,9.603000000000000114e+01
5.067831275463104248e+02,5.000000000000000000e+01,9.631000000000000227e+01
5.077806751728057861e+02,5.000000000000000000e+01,9.631000000000000227e+01
5.087745008468627930e+02,5.000000000000000000e+01,9.637000000000000455e+01
5.097721784114837646e+02,5.000000000000000000e+01,9.657999999999999829e+01
5.107691144943237305e+02,5.000000000000000000e+01,9.654999999999999716e+01
5.117659468650817871e+02,5.000000000000000000e+01,9.656999999999999318e+01
5.127666401863098145e+02,5.000000000000000000e+01,9.662999999999999545e+01
5.137621283531188965e+02,5.000000000000000000e+01,9.695000000000000284e+01
5.147597050666809082e+02,5.000000000000000000e+01,9.695000000000000284e+01
5.157534725666046143e+02,5.000000000000000000e+01,9.703000000000000114e+01
5.167535047531127930e+02,5.000000000000000000e+01,9.695000000000000284e+01
5.177508506774902344e+02,5.000000000000000000e+01,9.678000000000000114e+01
5.187484147548675537e+02,5.000000000000000000e+01,9.654999999999999716e+01
5.197413277626037598e+02,5.000000000000000000e+01,9.631000000000000227e+01
5.207374861240386963e+02,5.000000000000000000e+01,9.618000000000000682e+01
5.217291634082794189e+02,5.000000000000000000e+01,9.631000000000000227e+01
5.227338557243347168e+02,5.000000000000000000e+01,9.631000000000000227e+01
5.237308776378631592e+02,5.000000000000000000e+01,9.631000000000000227e+01
5.247300059795379639e+02,5.000000000000000000e+01,9.639000000000000057e+01
5.257262942790985107e+02,5.000000000000000000e+01,9.631000000000000227e+01
5.267245070934295654e+02,5.000000000000000000e+01,9.631000000000000227e+01
5.277197511196136475e+02,5.000000000000000000e+01,9.631000000000000227e+01
5.287168486118316650e+02,5.000000000000000000e+01,9.631000000000000227e+01
5.297096502780914307e+02,5.000000000000000000e+01,9.631000000000000227e+01
5.307088019847869873e+02,5.000000000000000000e+01,9.640999999999999659e+01
5.317056035995483398e+02,5.000000000000000000e+01,9.665000000000000568e+01
5.327003319263458252e+02,5.000000000000000000e+01,9.712999999999999545e+01
5.336925508975982666e+02,5.000000000000000000e+01,9.728000000000000114e+01
5.346892244815826416e+02,5.000000000000000000e+01,9.731000000000000227e+01
5.356867742538452148e+02,5.000000000000000000e+01,9.728000000000000114e+01
5.366824142932891846e+02,5.000000000000000000e+01,9.723999999999999488e+01
5.376817266941070557e+02,5.000000000000000000e+01,9.700000000000000000e+01
5.386746270656585693e+02,5.000000000000000000e+01,9.701999999999999602e+01
5.396699140071868896e+02,5.000000000000000000e+01,9.695000000000000284e+01
5.406666290760040283e+02,5.000000000000000000e+01,9.692000000000000171e+01
5.416612498760223389e+02,5.000000000000000000e+01,9.692000000000000171e+01
5.426666197776794434e+02,5.000000000000000000e+01,9.665000000000000568e+01
5.436595547199249268e+02,5.000000000000000000e+01,9.670000000000000284e+01
5.446563980579376221e+02,5.000000000000000000e+01,9.676000000000000512e+01
5.456545054912567139e+02,5.000000000000000000e+01,9.670000000000000284e+01
5.466470818519592285e+02,5.000000000000000000e+01,9.689000000000000057e+01
5.476435611248016357e+02,5.000000000000000000e+01,9.670000000000000284e+01
5.486382901668548584e+02,5.000000000000000000e+01,9.684000000000000341e+01
5.496327011585235596e+02,5.000000000000000000e+01,9.695000000000000284e+01
5.506275308132171631e+02,5.000000000000000000e+01,9.693999999999999773e+01
5.516235396862030029e+02,5.000000000000000000e+01,9.695000000000000284e+01
5.526245167255401611e+02,5.000000000000000000e+01,9.718000000000000682e+01
5.536191675662994385e+02,5.000000000000000000e+01,9.726000000000000512e+01
5.546107761859893799e+02,5.000000000000000000e+01,9.696999999999999886e+01
5.556095941066741943e+02,5.000000000000000000e+01,9.695000000000000284e+01
5.566075341701507568e+02,5.000000000000000000e+01,9.695000000000000284e+01
5.576007571220397949e+02,5.000000000000000000e+01,9.678000000000000114e+01
5.585957520008087158e+02,5.000000000000000000e+01,9.662999999999999545e+01
5.595937654972076416e+02,5.000000000000000000e+01,9.665000000000000568e+01
5.605881984233856201e+02,5.000000000000000000e+01,9.673000000000000398e+01
5.615860192775726318e+02,5.000000000000000000e+01,9.693999999999999773e+01
5.625803439617156982e+02,5.000000000000000000e+01,9.695000000000000284e+01
5.635731976032257080e+02,5.000000000000000000e+01,9.695000000000000284e+01
5.645712838172912598e+02,5.000000000000000000e+01,9.718000000000000682e+01
5.655651140213012695e+02,5.000000000000000000e+01,9.728000000000000114e+01
5.665627322196960449e+02,5.000000000000000000e+01,9.750000000000000000e+01
5.675549786090850830e+02,5.000000000000000000e+01,9.757999999999999829e+01
5.685498402118682861e+02,5.000000000000000000e+01,9.759999999999999432e+01
5.695478327274322510e+02,5.000000000000000000e+01,9.773000000000000398e+01
5.705391702651977539e+02,5.000000000000000000e+01,9.785999999999999943e+01
5.715362310409545898e+02,5.000000000000000000e+01,9.792000000000000171e+01
5.725321009159088135e+02,5.000000000000000000e+01,9.792000000000000171e+01
5.735304090976715088e+02,5.000000000000000000e+01,9.792000000000000171e+01
5.745245280265808105e+02,5.000000000000000000e+01,9.793999999999999773e+01
5.755222845077514648e+02,5.000000000000000000e+01,9.793999999999999773e+01
5.765179002285003662e+02,5.000000000000000000e+01,9.792000000000000171e+01
5.775128312110900879e+02,5.000000000000000000e+01,9.792000000000000171e+01
5.785086760520935059e+02,5.000000000000000000e+01,9.792000000000000171e+01
5.795026993751525879e+02,5.000000000000000000e+01,9.792000000000000171e+01
5.804966166019439697e+02,5.000000000000000000e+01,9.792000000000000171e+01
5.814899759292602539e+02,5.000000000000000000e+01,9.792000000000000171e+01
5.824846112728118896e+02,5.000000000000000000e+01,9.792000000000000171e+01
5.834755101203918457e+02,5.000000000000000000e+01,9.793999999999999773e+01
5.844747335910797119e+02,5.000000000000000000e+01,9.823999999999999488e+01
5.854701764583587646e+02,5.000000000000000000e+01,9.823999999999999488e+01
5.864666326045989990e+02,5.000000000000000000e+01,9.826999999999999602e+01
5.874635064601898193e+02,5.000000000000000000e+01,9.826999999999999602e+01
5.884595601558685303e+02,5.000000000000000000e+01,9.823999999999999488e+01
5.894542493820190430e+02,5.000000000000000000e+01,9.823999999999999488e+01
5.904443907737731934e+02,5.000000000000000000e+01,9.823999999999999488e+01
5.914384617805480957e+02,5.000000000000000000e+01,9.823000000000000398e+01
5.924322471618652344e+02,5.000000000000000000e+01,9.792000000000000171e+01
5.934306335449218750e+02,5.000000000000000000e+01,9.781999999999999318e+01
5.944245276451110840e+02,5.000000000000000000e+01,9.760999999999999943e+01
5.954301886558532715e+02,5.000000000000000000e+01,9.759999999999999432e+01
5.964236917495727539e+02,5.000000000000000000e+01,9.759999999999999432e+01
5.974192020893096924e+02,5.000000000000000000e+01,9.759999999999999432e+01
5.984168398380279541e+02,5.000000000000000000e+01,9.759999999999999432e+01
5.994107480049133301e+02,5.000000000000000000e+01,9.768999999999999773e+01
6.004097180366516113e+02,5.000000000000000000e+01,9.784000000000000341e+01
6.014071507453918457e+02,5.000000000000000000e+01,9.792000000000000171e+01
6.024012646675109863e+02,5.000000000000000000e+01,9.804999999999999716e+01
6.033972101211547852e+02,5.000000000000000000e+01,9.823999999999999488e+01
6.043915648460388184e+02,5.000000000000000000e+01,9.823999999999999488e+01
6.053865988254547119e+02,5.000000000000000000e+01,9.823999999999999488e+01
6.063845622539520264e+02,5.000000000000000000e+01,9.823999999999999488e+01
6.073801007270812988e+02,5.000000000000000000e+01,9.818000000000000682e+01
6.083745100498199463e+02,5.000000000000000000e+01,9.796999999999999886e+01
6.093667287826538086e+02,5.000000000000000000e+01,9.793999999999999773e+01
6.103627834320068359e+02,5.000000000000000000e+01,9.803000000000000114e+01
6.113605821132659912e+02,5.000000000000000000e+01,9.807999999999999829e+01
6.123596775531768799e+02,5.000000000000000000e+01,9.823999999999999488e+01
6.133555781841278076e+02,5.000000000000000000e+01,9.823999999999999488e+01
6.143521649837493896e+02,5.000000000000000000e+01,9.837000000000000455e+01
6.153491957187652588e+02,5.000000000000000000e+01,9.826000000000000512e+01
6.163455748558044434e+02,5.000000000000000000e+01,9.826999999999999602e+01
6.173403024673461914e+02,5.000000000000000000e+01,9.826000000000000512e+01
6.183374519348144531e+02,5.000000000000000000e+01,9.818999999999999773e+01
6.193324425220489502e+02,5.000000000000000000e+01,9.792000000000000171e+01
6.203264927864074707e+02,5.000000000000000000e+01,9.790000000000000568e+01
6.213214414119720459e+02,5.000000000000000000e+01,9.748000000000000398e+01
6.223164091110229492e+02,5.000000000000000000e+01,9.728000000000000114e+01
6.233118526935577393e+02,5.000000000000000000e+01,9.715999999999999659e+01
6.243091919422149658e+02,5.000000000000000000e+01,9.710999999999999943e+01
6.253055586814880371e+02,5.000000000000000000e+01,9.728000000000000114e+01
6.262991399765014648e+02,5.000000000000000000e+01,9.729000000000000625e+01
6.272967705726623535e+02,5.000000000000000000e+01,9.753000000000000114e+01
6.282892289161682129e+02,5.000000000000000000e+01,9.759999999999999432e+01
6.292855803966522217e+02,5.000000000000000000e+01,9.776999999999999602e+01
6.302845184803009033e+02,5.000000000000000000e+01,9.792000000000000171e+01
6.312792356014251709e+02,5.000000000000000000e+01,9.792000000000000171e+01
6.322776160240173340e+02,5.000000000000000000e+01,9.792000000000000171e+01
6.332743253707885742e+02,5.000000000000000000e+01,9.792000000000000171e+01
6.342674074172973633e+02,5.000000000000000000e+01,9.798000000000000398e+01
6.352652795314788818e+02,5.000000000000000000e+01,9.812999999999999545e+01
6.362594416141510010e+02,5.000000000000000000e+01,9.823999999999999488e+01
6.372566189765930176e+02,5.000000000000000000e+01,9.829000000000000625e+01
6.382539579868316650e+02,5.000000000000000000e+01,9.856000000000000227e+01
6.392501814365386963e+02,5.000000000000000000e+01,9.856000000000000227e+01
6.402515876293182373e+02,5.000000000000000000e+01,9.856000000000000227e+01
6.412462437152862549e+02,5.000000000000000000e+01,9.856000000000000227e+01
6.422391788959503174e+02,5.000000000000000000e+01,9.859999999999999432e+01
6.432390689849853516e+02,5.000000000000000000e+01,9.873000000000000398e+01
6.442351691722869873e+02,5.000000000000000000e+01,9.889000000000000057e+01
6.452294795513153076e+02,5.000000000000000000e+01,9.889000000000000057e+01
6.462273170948028564e+02,5.000000000000000000e+01,9.889000000000000057e+01
6.472213106155395508e+02,5.000000000000000000e+01,9.881000000000000227e+01
6.482155935764312744e+02,5.000000000000000000e+01,9.868000000000000682e+01
6.492115993499755859e+02,5.000000000000000000e+01,9.860999999999999943e+01
6.502045516967773438e+02,5.000000000000000000e+01,9.868999999999999773e+01
6.512022390365600586e+02,5.000000000000000000e+01,9.860999999999999943e+01
6.521959917545318604e+02,5.000000000000000000e+01,9.856000000000000227e+01
6.531902937889099121e+02,5.000000000000000000e+01,9.846999999999999886e+01
6.541872754096984863e+02,5.000000000000000000e+01,9.831999999999999318e+01
6.551831278800964355e+02,5.000000000000000000e+01,9.826000000000000512e+01
6.561766319274902344e+02,5.000000000000000000e+01,9.851999999999999602e+01
6.571702427864074707e+02,5.000000000000000000e+01,9.856000000000000227e+01
6.581642870903015137e+02,5.000000000000000000e+01,9.889000000000000057e+01
6.591575856208801270e+02,5.000000000000000000e+01,9.890000000000000568e+01
6.601527073383331299e+02,5.000000000000000000e+01,9.903000000000000114e+01
6.611466238498687744e+02,5.000000000000000000e+01,9.918000000000000682e+01
6.621434898376464844e+02,5.000000000000000000e+01,9.920999999999999375e+01
6.631395008563995361e+02,5.000000000000000000e+01,9.920999999999999375e+01
6.641333048343658447e+02,5.000000000000000000e+01,9.920999999999999375e+01
6.651303586959838867e+02,5.000000000000000000e+01,9.934999999999999432e+01
6.661265959739685059e+02,5.000000000000000000e+01,9.953000000000000114e+01
6.671222584247589111e+02,5.000000000000000000e+01,9.953000000000000114e+01
6.681211960315704346e+02,5.000000000000000000e+01,9.953000000000000114e+01
6.691129143238067627e+02,5.000000000000000000e+01,9.953000000000000114e+01
6.701051852703094482e+02,5.000000000000000000e+01,9.957999999999999829e+01
6.711110386848449707e+02,5.000000000000000000e+01,9.973999999999999488e+01
6.721068999767303467e+02,5.000000000000000000e+01,9.984000000000000341e+01
6.731065464019775391e+02,5.000000000000000000e+01,9.984999999999999432e+01
6.741029605865478516e+02,5.000000000000000000e+01,9.984999999999999432e+01
6.750998888015747070e+02,5.000000000000000000e+01,9.984999999999999432e+01
6.760929250717163086e+02,5.000000000000000000e+01,9.981999999999999318e+01
6.770859453678131104e+02,5.000000000000000000e+01,9.984999999999999432e+01
6.780829713344573975e+02,5.000000000000000000e+01,9.984999999999999432e+01
6.790860130786895752e+02,5.000000000000000000e+01,9.987000000000000455e+01
6.800833237171173096e+02,5.000000000000000000e+01,9.984999999999999432e+01
6.810791811943054199e+02,5.000000000000000000e+01,9.990000000000000568e+01
6.820727334022521973e+02,5.000000000000000000e+01,1.001800000000000068e+02
6.830667965412139893e+02,5.000000000000000000e+01,1.001400000000000006e+02
6.840628862380981445e+02,5.000000000000000000e+01,1.001800000000000068e+02
6.850583806037902832e+02,5.000000000000000000e+01,1.005000000000000000e+02
6.860553236007690430e+02,5.000000000000000000e+01,1.008199999999999932e+02
6.870500071048736572e+02,5.000000000000000000e+01,1.008199999999999932e+02
6.880455226898193359e+02,5.000000000000000000e+01,1.009200000000000017e+02
6.890385136604309082e+02,5.000000000000000000e+01,1.007900000000000063e+02
0.000000000000000000e+00,5.000000000000000000e+01,3.927000000000000313e+01
0.000000000000000000e+00,5.000000000000000000e+01,3.927000000000000313e+01
0.000000000000000000e+00,5.000000000000000000e+01,3.927000000000000313e+01
0.000000000000000000e+00,5.000000000000000000e+01,3.927000000000000313e+01
0.000000000000000000e+00,5.000000000000000000e+01,3.927000000000000313e+01
0.000000000000000000e+00,5.000000000000000000e+01,3.927000000000000313e+01
0.000000000000000000e+00,5.000000000000000000e+01,3.927000000000000313e+01
0.000000000000000000e+00,5.000000000000000000e+01,3.927000000000000313e+01
0.000000000000000000e+00,5.000000000000000000e+01,3.927000000000000313e+01
0.000000000000000000e+00,5.000000000000000000e+01,3.927000000000000313e+01
0.000000000000000000e+00,5.000000000000000000e+01,3.927000000000000313e+01
0.000000000000000000e+00,5.000000000000000000e+01,3.927000000000000313e+01
0.000000000000000000e+00,5.000000000000000000e+01,3.927000000000000313e+01
0.000000000000000000e+00,5.000000000000000000e+01,3.927000000000000313e+01
0.000000000000000000e+00,5.000000000000000000e+01,3.927000000000000313e+01
0.000000000000000000e+00,5.000000000000000000e+01,3.927000000000000313e+01
0.000000000000000000e+00,5.000000000000000000e+01,3.927000000000000313e+01
0.000000000000000000e+00,5.000000000000000000e+01,3.927000000000000313e+01
0.000000000000000000e+00,5.000000000000000000e+01,3.927000000000000313e+01
0.000000000000000000e+00,5.000000000000000000e+01,3.927000000000000313e+01
0.000000000000000000e+00,5.000000000000000000e+01,3.927000000000000313e+01
0.000000000000000000e+00,5.000000000000000000e+01,3.927000000000000313e+01
0.000000000000000000e+00,5.000000000000000000e+01,3.927000000000000313e+01
0.000000000000000000e+00,5.000000000000000000e+01,3.927000000000000313e+01
0.000000000000000000e+00,5.000000000000000000e+01,3.927000000000000313e+01
0.000000000000000000e+00,5.000000000000000000e+01,3.927000000000000313e+01
0.000000000000000000e+00,5.000000000000000000e+01,3.927000000000000313e+01
0.000000000000000000e+00,5.000000000000000000e+01,3.927000000000000313e+01
0.000000000000000000e+00,5.000000000000000000e+01,3.927000000000000313e+01
0.000000000000000000e+00,5.000000000000000000e+01,3.927000000000000313e+01
0.000000000000000000e+00,5.000000000000000000e+01,3.927000000000000313e+01
0.000000000000000000e+00,5.000000000000000000e+01,3.927000000000000313e+01
0.000000000000000000e+00,5.000000000000000000e+01,3.927000000000000313e+01
0.000000000000000000e+00,5.000000000000000000e+01,3.927000000000000313e+01
0.000000000000000000e+00,5.000000000000000000e+01,3.927000000000000313e+01
0.000000000000000000e+00,5.000000000000000000e+01,3.927000000000000313e+01
0.000000000000000000e+00,5.000000000000000000e+01,3.927000000000000313e+01
0.000000000000000000e+00,5.000000000000000000e+01,3.927000000000000313e+01
0.000000000000000000e+00,5.000000000000000000e+01,3.927000000000000313e+01
0.000000000000000000e+00,5.000000000000000000e+01,3.927000000000000313e+01
0.000000000000000000e+00,5.000000000000000000e+01,3.927000000000000313e+01
0.000000000000000000e+00,5.000000000000000000e+01,3.927000000000000313e+01
0.000000000000000000e+00,5.000000000000000000e+01,3.927000000000000313e+01
0.000000000000000000e+00,5.000000000000000000e+01,3.927000000000000313e+01
0.000000000000000000e+00,5.000000000000000000e+01,3.927000000000000313e+01
0.000000000000000000e+00,5.000000000000000000e+01,3.927000000000000313e+01
0.000000000000000000e+00,5.000000000000000000e+01,3.927000000000000313e+01
0.000000000000000000e+00,5.000000000000000000e+01,3.927000000000000313e+01
0.000000000000000000e+00,5.000000000000000000e+01,3.927000000000000313e+01
0.000000000000000000e+00,5.000000000000000000e+01,3.927000000000000313e+01
0.000000000000000000e+00,5.000000000000000000e+01,3.927000000000000313e+01
0.000000000000000000e+00,5.000000000000000000e+01,3.927000000000000313e+01
0.000000000000000000e+00,5.000000000000000000e+01,3.927000000000000313e+01
0.000000000000000000e+00,5.000000000000000000e+01,3.927000000000000313e+01
0.000000000000000000e+00,5.000000000000000000e+01,3.927000000000000313e+01
0.000000000000000000e+00,5.000000000000000000e+01,3.927000000000000313e+01
0.000000000000000000e+00,5.000000000000000000e+01,3.927000000000000313e+01
0.000000000000000000e+00,5.000000000000000000e+01,3.927000000000000313e+01
0.000000000000000000e+00,5.000000000000000000e+01,3.927000000000000313e+01
0.000000000000000000e+00,5.000000000000000000e+01,3.927000000000000313e+01
0.000000000000000000e+00,5.000000000000000000e+01,3.927000000000000313e+01
0.000000000000000000e+00,5.000000000000000000e+01,3.927000000000000313e+01
0.000000000000000000e+00,5.000000000000000000e+01,3.927000000000000313e+01
0.000000000000000000e+00,5.000000000000000000e+01,3.927000000000000313e+01
0.000000000000000000e+00,5.000000000000000000e+01,3.927000000000000313e+01
0.000000000000000000e+00,5.000000000000000000e+01,3.927000000000000313e+01
0.000000000000000000e+00,5.000000000000000000e+01,3.927000000000000313e+01
0.000000000000000000e+00,5.000000000000000000e+01,3.927000000000000313e+01
0.000000000000000000e+00,5.000000000000000000e+01,3.927000000000000313e+01
0.000000000000000000e+00,5.000000000000000000e+01,3.927000000000000313e+01
0.000000000000000000e+00,5.000000000000000000e+01,3.927000000000000313e+01
0.000000000000000000e+00,5.000000000000000000e+01,3.927000000000000313e+01
0.000000000000000000e+00,5.000000000000000000e+01,3.927000000000000313e+01
0.000000000000000000e+00,5.000000000000000000e+01,3.927000000000000313e+01
0.000000000000000000e+00,5.000000000000000000e+01,3.927000000000000313e+01
0.000000000000000000e+00,5.000000000000000000e+01,3.927000000000000313e+01
0.000000000000000000e+00,5.000000000000000000e+01,3.927000000000000313e+01
0.000000000000000000e+00,5.000000000000000000e+01,3.927000000000000313e+01
0.000000000000000000e+00,5.000000000000000000e+01,3.927000000000000313e+01
0.000000000000000000e+00,5.000000000000000000e+01,3.927000000000000313e+01
0.000000000000000000e+00,5.000000000000000000e+01,3.927000000000000313e+01
0.000000000000000000e+00,5.000000000000000000e+01,3.927000000000000313e+01
0.000000000000000000e+00,5.000000000000000000e+01,3.927000000000000313e+01
0.000000000000000000e+00,5.000000000000000000e+01,3.927000000000000313e+01
0.000000000000000000e+00,5.000000000000000000e+01,3.927000000000000313e+01
0.000000000000000000e+00,5.000000000000000000e+01,3.927000000000000313e+01
0.000000000000000000e+00,5.000000000000000000e+01,3.927000000000000313e+01
0.000000000000000000e+00,5.000000000000000000e+01,3.927000000000000313e+01
0.000000000000000000e+00,5.000000000000000000e+01,3.927000000000000313e+01
0.000000000000000000e+00,5.000000000000000000e+01,3.927000000000000313e+01
0.000000000000000000e+00,5.000000000000000000e+01,3.927000000000000313e+01
0.000000000000000000e+00,5.000000000000000000e+01,3.927000000000000313e+01
0.000000000000000000e+00,5.000000000000000000e+01,3.927000000000000313e+01
0.000000000000000000e+00,5.000000000000000000e+01,3.927000000000000313e+01
0.000000000000000000e+00,5.000000000000000000e+01,3.927000000000000313e+01
0.000000000000000000e+00,5.000000000000000000e+01,3.927000000000000313e+01
0.000000000000000000e+00,5.000000000000000000e+01,3.927000000000000313e+01
0.000000000000000000e+00,5.000000000000000000e+01,3.927000000000000313e+01
0.000000000000000000e+00,5.000000000000000000e+01,3.927000000000000313e+01
0.000000000000000000e+00,5.000000000000000000e+01,3.927000000000000313e+01
0.000000000000000000e+00,5.000000000000000000e+01,3.927000000000000313e+01
0.000000000000000000e+00,5.000000000000000000e+01,3.927000000000000313e+01
0.000000000000000000e+00,5.000000000000000000e+01,3.927000000000000313e+01
0.000000000000000000e+00,5.000000000000000000e+01,3.927000000000000313e+01
0.000000000000000000e+00,5.000000000000000000e+01,3.927000000000000313e+01
0.000000000000000000e+00,5.000000000000000000e+01,3.927000000000000313e+01
0.000000000000000000e+00,5.000000000000000000e+01,3.927000000000000313e+01
0.000000000000000000e+00,5.000000000000000000e+01,3.927000000000000313e+01
0.000000000000000000e+00,5.000000000000000000e+01,3.927000000000000313e+01
0.000000000000000000e+00,5.000000000000000000e+01,3.927000000000000313e+01
0.000000000000000000e+00,5.000000000000000000e+01,3.927000000000000313e+01
0.000000000000000000e+00,5.000000000000000000e+01,3.927000000000000313e+01
0.000000000000000000e+00,5.000000000000000000e+01,3.927000000000000313e+01
0.000000000000000000e+00,5.000000000000000000e+01,3.927000000000000313e+01
0.000000000000000000e+00,5.000000000000000000e+01,3.927000000000000313e+01
0.000000000000000000e+00,5.000000000000000000e+01,3.927000000000000313e+01
0.000000000000000000e+00,5.000000000000000000e+01,3.927000000000000313e+01
0.000000000000000000e+00,5.000000000000000000e+01,3.927000000000000313e+01
0.000000000000000000e+00,5.000000000000000000e+01,3.927000000000000313e+01
0.000000000000000000e+00,5.000000000000000000e+01,3.927000000000000313e+01
0.000000000000000000e+00,5.000000000000000000e+01,3.927000000000000313e+01
0.000000000000000000e+00,5.000000000000000000e+01,3.927000000000000313e+01
0.000000000000000000e+00,5.000000000000000000e+01,3.927000000000000313e+01
0.000000000000000000e+00,5.000000000000000000e+01,3.927000000000000313e+01
0.000000000000000000e+00,5.000000000000000000e+01,3.927000000000000313e+01
0.000000000000000000e+00,5.000000000000000000e+01,3.927000000000000313e+01
0.000000000000000000e+00,5.000000000000000000e+01,3.927000000000000313e+01
0.000000000000000000e+00,5.000000000000000000e+01,3.927000000000000313e+01
0.000000000000000000e+00,5.000000000000000000e+01,3.927000000000000313e+01
0.000000000000000000e+00,5.000000000000000000e+01,3.927000000000000313e+01
0.000000000000000000e+00,5.000000000000000000e+01,3.927000000000000313e+01
0.000000000000000000e+00,5.000000000000000000e+01,3.927000000000000313e+01
0.000000000000000000e+00,5.000000000000000000e+01,3.927000000000000313e+01
0.000000000000000000e+00,5.000000000000000000e+01,3.927000000000000313e+01
0.000000000000000000e+00,5.000000000000000000e+01,3.927000000000000313e+01
0.000000000000000000e+00,5.000000000000000000e+01,3.927000000000000313e+01
0.000000000000000000e+00,5.000000000000000000e+01,3.927000000000000313e+01
0.000000000000000000e+00,5.000000000000000000e+01,3.927000000000000313e+01
0.000000000000000000e+00,5.000000000000000000e+01,3.927000000000000313e+01
0.000000000000000000e+00,5.000000000000000000e+01,3.927000000000000313e+01
0.000000000000000000e+00,5.000000000000000000e+01,3.927000000000000313e+01
0.000000000000000000e+00,5.000000000000000000e+01,3.927000000000000313e+01
0.000000000000000000e+00,5.000000000000000000e+01,3.927000000000000313e+01
0.000000000000000000e+00,5.000000000000000000e+01,3.927000000000000313e+01
0.000000000000000000e+00,5.000000000000000000e+01,3.927000000000000313e+01
0.000000000000000000e+00,5.000000000000000000e+01,3.927000000000000313e+01
0.000000000000000000e+00,5.000000000000000000e+01,3.927000000000000313e+01
0.000000000000000000e+00,5.000000000000000000e+01,3.927000000000000313e+01
0.000000000000000000e+00,5.000000000000000000e+01,3.927000000000000313e+01
0.000000000000000000e+00,5.000000000000000000e+01,3.927000000000000313e+01
0.000000000000000000e+00,5.000000000000000000e+01,3.927000000000000313e+01
0.000000000000000000e+00,5.000000000000000000e+01,3.927000000000000313e+01
0.000000000000000000e+00,5.000000000000000000e+01,3.927000000000000313e+01
0.000000000000000000e+00,5.000000000000000000e+01,3.927000000000000313e+01
0.000000000000000000e+00,5.000000000000000000e+01,3.927000000000000313e+01
0.000000000000000000e+00,5.000000000000000000e+01,3.927000000000000313e+01
0.000000000000000000e+00,5.000000000000000000e+01,3.927000000000000313e+01
0.000000000000000000e+00,5.000000000000000000e+01,3.927000000000000313e+01
0.000000000000000000e+00,5.000000000000000000e+01,3.927000000000000313e+01
0.000000000000000000e+00,5.000000000000000000e+01,3.927000000000000313e+01
0.000000000000000000e+00,5.000000000000000000e+01,3.927000000000000313e+01
0.000000000000000000e+00,5.000000000000000000e+01,3.927000000000000313e+01
0.000000000000000000e+00,5.000000000000000000e+01,3.927000000000000313e+01
0.000000000000000000e+00,5.000000000000000000e+01,3.927000000000000313e+01
0.000000000000000000e+00,5.000000000000000000e+01,3.927000000000000313e+01
0.000000000000000000e+00,5.000000000000000000e+01,3.927000000000000313e+01
0.000000000000000000e+00,5.000000000000000000e+01,3.927000000000000313e+01
0.000000000000000000e+00,5.000000000000000000e+01,3.927000000000000313e+01
0.000000000000000000e+00,5.000000000000000000e+01,3.927000000000000313e+01
0.000000000000000000e+00,5.000000000000000000e+01,3.927000000000000313e+01
0.000000000000000000e+00,5.000000000000000000e+01,3.927000000000000313e+01
0.000000000000000000e+00,5.000000000000000000e+01,3.927000000000000313e+01
0.000000000000000000e+00,5.000000000000000000e+01,3.927000000000000313e+01
0.000000000000000000e+00,5.000000000000000000e+01,3.927000000000000313e+01
0.000000000000000000e+00,5.000000000000000000e+01,3.927000000000000313e+01
0.000000000000000000e+00,5.000000000000000000e+01,3.927000000000000313e+01
0.000000000000000000e+00,5.000000000000000000e+01,3.927000000000000313e+01
0.000000000000000000e+00,5.000000000000000000e+01,3.927000000000000313e+01
0.000000000000000000e+00,5.000000000000000000e+01,3.927000000000000313e+01
0.000000000000000000e+00,5.000000000000000000e+01,3.927000000000000313e+01
0.000000000000000000e+00,5.000000000000000000e+01,3.927000000000000313e+01
0.000000000000000000e+00,5.000000000000000000e+01,3.927000000000000313e+01
0.000000000000000000e+00,5.000000000000000000e+01,3.927000000000000313e+01
0.000000000000000000e+00,5.000000000000000000e+01,3.927000000000000313e+01
0.000000000000000000e+00,5.000000000000000000e+01,3.927000000000000313e+01
0.000000000000000000e+00,5.000000000000000000e+01,3.927000000000000313e+01
0.000000000000000000e+00,5.000000000000000000e+01,3.927000000000000313e+01
0.000000000000000000e+00,5.000000000000000000e+01,3.927000000000000313e+01
0.000000000000000000e+00,5.000000000000000000e+01,3.927000000000000313e+01
0.000000000000000000e+00,5.000000000000000000e+01,3.927000000000000313e+01
0.000000000000000000e+00,5.000000000000000000e+01,3.927000000000000313e+01
0.000000000000000000e+00,5.000000000000000000e+01,3.927000000000000313e+01
0.000000000000000000e+00,5.000000000000000000e+01,3.927000000000000313e+01
0.000000000000000000e+00,5.000000000000000000e+01,3.927000000000000313e+01
0.000000000000000000e+00,5.000000000000000000e+01,3.927000000000000313e+01
0.000000000000000000e+00,5.000000000000000000e+01,3.927000000000000313e+01
0.000000000000000000e+00,5.000000000000000000e+01,3.927000000000000313e+01
0.000000000000000000e+00,5.000000000000000000e+01,3.927000000000000313e+01
0.000000000000000000e+00,5.000000000000000000e+01,3.927000000000000313e+01
0.000000000000000000e+00,5.000000000000000000e+01,3.927000000000000313e+01
0.000000000000000000e+00,5.000000000000000000e+01,3.927000000000000313e+01
0.000000000000000000e+00,5.000000000000000000e+01,3.927000000000000313e+01
0.000000000000000000e+00,5.000000000000000000e+01,3.927000000000000313e+01
0.000000000000000000e+00,5.000000000000000000e+01,3.927000000000000313e+01
0.000000000000000000e+00,5.000000000000000000e+01,3.927000000000000313e+01
0.000000000000000000e+00,5.000000000000000000e+01,3.927000000000000313e+01
0.000000000000000000e+00,5.000000000000000000e+01,3.927000000000000313e+01
